511, 1210, 509, 1125, 1249, 1106, 1251, 1191
746, 1321, 746, 1251, 937, 1251, 937, 1321
696, 1405, 696, 1319, 1021, 1319, 1021, 1405
692, 1576, 692, 1503, 1164, 1503, 1164, 1576
466, 1575, 466, 1523, 667, 1523, 667, 1575
1154, 1680, 687, 1676, 687, 1595, 1155, 1599
464, 1678, 464, 1623, 660, 1623, 660, 1678
462, 1775, 462, 1719, 671, 1719, 671, 1775
998, 1785, 685, 1782, 685, 1726, 998, 1728
676, 1846, 456, 1844, 457, 1790, 677, 1793
1252, 1863, 675, 1852, 677, 1795, 1253, 1805
1072, 1978, 634, 1973, 635, 1894, 1073, 1898
1183, 2031, 917, 2028, 918, 1956, 1184, 1960
605, 2069, 605, 2007, 719, 2007, 719, 2069
1178, 2127, 912, 2119, 914, 2055, 1180, 2063
601, 2162, 601, 2105, 710, 2105, 710, 2162
1174, 2225, 733, 2213, 735, 2145, 1176, 2157
706, 2259, 598, 2252, 602, 2195, 709, 2202
1173, 2320, 957, 2313, 959, 2249, 1175, 2256
697, 2359, 585, 2354, 587, 2291, 700, 2296
1164, 2427, 955, 2416, 959, 2351, 1168, 2362
583, 2458, 583, 2396, 692, 2396, 692, 2458
1172, 2526, 995, 2520, 997, 2454, 1174, 2460
696, 2562, 572, 2557, 575, 2494, 698, 2498
1169, 2627, 903, 2617, 905, 2549, 1172, 2559
566, 2655, 566, 2598, 687, 2598, 687, 2655
1168, 2734, 802, 2714, 806, 2637, 1172, 2656
562, 2758, 562, 2692, 680, 2692, 680, 2758
1165, 2831, 852, 2817, 855, 2748, 1168, 2761
673, 2865, 552, 2858, 555, 2796, 677, 2803
444, 2948, 444, 2880, 562, 2880, 562, 2948
665, 3048, 547, 3043, 550, 2980, 668, 2986
662, 3154, 543, 3147, 546, 3083, 665, 3089
